# Distance Limit (A): 10
# Group Size (N): 2
# 382 Hit Groups:
101 31 4 ,102 32 4 
168 98 4 ,169 99 4 
359 144 4 ,360 145 4 
360 145 4 ,361 146 4 
361 146 4 ,362 147 4 
574 135 4 ,575 136 4 
680 88 4 ,689 97 4 
689 97 4 ,690 98 4 
690 98 4 ,691 99 4 
691 145 4 ,692 146 4 
721 99 4 ,726 104 4 
785 46 4 ,786 47 4 
803 144 4 ,804 145 4 
1188 144 4 ,1189 145 4 
1386 85 4 ,1387 86 4 
1562 0 4 ,1563 1 4 
1561 98 4 ,1562 99 4 
1562 99 4 ,1563 100 4 
744 1 4 ,745 2 4 
745 2 4 ,746 3 4 
744 100 4 ,745 101 4 
1095 1 4 ,1096 2 4 
1095 100 4 ,1096 101 4 
158 2 4 ,159 3 4 
1157 44 4 ,1158 45 4 
1115 101 4 ,1116 102 4 
1116 102 4 ,1117 103 4 
1117 103 4 ,1118 104 4 
1569 2 4 ,1570 3 4 
1732 2 4 ,1733 3 4 
1003 3 4 ,1004 4 4 
1352 3 4 ,1353 4 4 
1353 4 4 ,1354 5 4 
1519 4 4 ,1520 5 4 
1634 119 4 ,1635 120 4 
561 5 4 ,562 6 4 
562 6 4 ,563 7 4 
1029 5 4 ,1030 6 4 
1318 131 4 ,1319 132 4 
1501 5 4 ,1502 6 4 
1604 108 4 ,1605 109 4 
1406 20 4 ,1407 21 4 
1516 130 4 ,1517 131 4 
1730 131 4 ,1731 132 4 
1731 132 4 ,1736 137 4 
750 6 4 ,751 7 4 
749 43 4 ,750 44 4 
1582 19 4 ,1583 20 4 
1583 20 4 ,1584 21 4 
1584 21 4 ,1585 22 4 
1585 22 4 ,1586 23 4 
1586 23 4 ,1587 24 4 
1587 24 4 ,1588 25 4 
1588 25 4 ,1589 26 4 
1589 26 4 ,1594 31 4 
1594 31 4 ,1595 32 4 
1595 32 4 ,1596 33 4 
1596 33 4 ,1597 34 4 
1597 34 4 ,1598 35 4 
1598 35 4 ,1599 36 4 
1599 36 4 ,1600 37 4 
1600 37 4 ,1601 38 4 
1601 38 4 ,1602 39 4 
1602 39 4 ,1603 40 4 
1603 40 4 ,1604 41 4 
1604 41 4 ,1605 42 4 
1605 42 4 ,1606 43 4 
1606 43 4 ,1607 44 4 
1607 44 4 ,1608 45 4 
1608 45 4 ,1609 46 4 
1609 46 4 ,1610 47 4 
1610 47 4 ,1615 52 4 
1615 52 4 ,1616 53 4 
1616 53 4 ,1617 54 4 
1617 54 4 ,1618 55 4 
1618 55 4 ,1619 56 4 
1619 56 4 ,1620 57 4 
1620 57 4 ,1621 58 4 
1621 58 4 ,1622 59 4 
1622 59 4 ,1623 60 4 
1623 60 4 ,1624 61 4 
1624 61 4 ,1625 62 4 
1625 62 4 ,1626 63 4 
1626 63 4 ,1627 64 4 
1627 64 4 ,1628 65 4 
1628 65 4 ,1629 66 4 
1629 66 4 ,1630 67 4 
1630 67 4 ,1631 68 4 
1631 68 4 ,1632 69 4 
1632 69 4 ,1633 70 4 
1633 70 4 ,1634 71 4 
1634 71 4 ,1635 72 4 
1635 72 4 ,1636 73 4 
540 7 4 ,541 8 4 
541 8 4 ,548 15 4 
751 97 4 ,752 98 4 
1072 96 4 ,1073 97 4 
1509 97 4 ,1510 98 4 
278 8 4 ,279 9 4 
492 72 4 ,493 73 4 
493 73 4 ,494 74 4 
494 74 4 ,495 75 4 
985 95 4 ,986 96 4 
1256 59 4 ,1257 60 4 
1243 8 4 ,1244 9 4 
1244 9 4 ,1245 10 4 
125 36 4 ,126 37 4 
567 9 4 ,568 10 4 
522 93 4 ,523 94 4 
595 147 4 ,596 148 4 
596 148 4 ,597 149 4 
544 36 4 ,545 37 4 
1044 9 4 ,1045 10 4 
1259 11 4 ,1269 21 4 
1269 21 4 ,1270 22 4 
1488 9 4 ,1489 10 4 
1481 141 4 ,1482 142 4 
1482 142 4 ,1488 148 4 
1405 10 4 ,1406 11 4 
1467 72 4 ,1468 73 4 
1490 10 4 ,1491 11 4 
1491 11 4 ,1492 12 4 
144 17 4 ,145 18 4 
145 18 4 ,146 19 4 
146 19 4 ,147 20 4 
388 20 4 ,397 29 4 
397 29 4 ,398 30 4 
436 19 4 ,437 20 4 
437 20 4 ,438 21 4 
521 11 4 ,522 12 4 
520 19 4 ,521 20 4 
780 134 4 ,781 135 4 
1258 19 4 ,1259 20 4 
1259 20 4 ,1260 21 4 
1373 89 4 ,1374 90 4 
1294 19 4 ,1295 20 4 
1295 20 4 ,1296 21 4 
1583 11 4 ,1591 19 4 
1640 68 4 ,1641 69 4 
1691 119 4 ,1692 120 4 
200 91 4 ,201 92 4 
201 92 4 ,202 93 4 
311 12 4 ,312 13 4 
310 92 4 ,311 93 4 
619 93 4 ,620 94 4 
633 93 4 ,634 94 4 
773 12 4 ,774 13 4 
774 13 4 ,775 14 4 
925 90 4 ,926 91 4 
926 91 4 ,927 92 4 
927 92 4 ,928 93 4 
503 13 4 ,504 14 4 
574 84 4 ,575 85 4 
408 77 4 ,409 78 4 
725 77 4 ,726 78 4 
726 78 4 ,734 86 4 
734 86 4 ,735 87 4 
908 76 4 ,909 77 4 
1145 16 4 ,1146 17 4 
393 65 4 ,394 66 4 
414 86 4 ,415 87 4 
435 72 4 ,436 73 4 
519 72 4 ,520 73 4 
1257 72 4 ,1258 73 4 
1291 70 4 ,1292 71 4 
1292 71 4 ,1293 72 4 
1293 72 4 ,1294 73 4 
1581 72 4 ,1582 73 4 
1589 71 4 ,1590 72 4 
1590 72 4 ,1591 73 4 
1686 72 4 ,1687 73 4 
190 90 4 ,191 91 4 
190 122 4 ,191 123 4 
363 89 4 ,364 90 4 
395 121 4 ,396 122 4 
371 21 4 ,378 28 4 
368 87 4 ,369 88 4 
369 88 4 ,370 89 4 
370 89 4 ,371 90 4 
290 41 4 ,291 42 4 
434 59 4 ,435 60 4 
430 21 4 ,431 22 4 
431 22 4 ,432 23 4 
429 89 4 ,430 90 4 
876 90 4 ,877 91 4 
877 91 4 ,878 92 4 
875 121 4 ,876 122 4 
876 122 4 ,877 123 4 
877 123 4 ,878 124 4 
878 124 4 ,879 125 4 
924 121 4 ,925 122 4 
925 122 4 ,926 123 4 
926 123 4 ,927 124 4 
1296 90 4 ,1297 91 4 
1297 91 4 ,1298 92 4 
1296 122 4 ,1297 123 4 
1297 123 4 ,1298 124 4 
1536 90 4 ,1537 91 4 
1536 122 4 ,1537 123 4 
1641 88 4 ,1642 89 4 
1642 89 4 ,1643 90 4 
1643 90 4 ,1644 91 4 
1644 91 4 ,1645 92 4 
1643 122 4 ,1644 123 4 
1644 123 4 ,1645 124 4 
1664 90 4 ,1665 91 4 
1665 91 4 ,1666 92 4 
1660 118 4 ,1661 119 4 
1661 119 4 ,1662 120 4 
1662 120 4 ,1663 121 4 
1663 121 4 ,1664 122 4 
1664 122 4 ,1665 123 4 
1665 123 4 ,1666 124 4 
1666 124 4 ,1667 125 4 
1667 125 4 ,1668 126 4 
456 111 4 ,457 112 4 
1463 111 4 ,1464 112 4 
1586 112 4 ,1587 113 4 
1587 113 4 ,1588 114 4 
188 91 4 ,189 92 4 
188 123 4 ,189 124 4 
200 123 4 ,201 124 4 
1140 24 4 ,1141 25 4 
1140 113 4 ,1141 114 4 
1141 114 4 ,1142 115 4 
1550 86 4 ,1551 87 4 
1551 87 4 ,1552 88 4 
1691 71 4 ,1692 72 4 
466 142 4 ,467 143 4 
185 26 4 ,186 27 4 
186 27 4 ,187 28 4 
184 70 4 ,185 71 4 
1292 119 4 ,1293 120 4 
1589 119 4 ,1590 120 4 
1655 71 4 ,1656 72 4 
1655 119 4 ,1656 120 4 
1692 60 4 ,1693 61 4 
1658 71 4 ,1659 72 4 
1657 118 4 ,1658 119 4 
1658 119 4 ,1659 120 4 
1661 71 4 ,1662 72 4 
365 29 4 ,366 30 4 
366 30 4 ,367 31 4 
483 94 4 ,484 95 4 
484 95 4 ,485 96 4 
1261 29 4 ,1262 30 4 
1065 53 4 ,1066 54 4 
181 32 4 ,182 33 4 
426 32 4 ,427 33 4 
685 32 4 ,692 39 4 
1199 32 4 ,1200 33 4 
509 34 4 ,510 35 4 
614 139 4 ,615 140 4 
1510 34 4 ,1511 35 4 
243 35 4 ,244 36 4 
244 36 4 ,245 37 4 
267 35 4 ,268 36 4 
673 35 4 ,674 36 4 
674 36 4 ,675 37 4 
61 36 4 ,62 37 4 
69 36 4 ,70 37 4 
936 109 4 ,937 110 4 
901 36 4 ,902 37 4 
1493 36 4 ,1494 37 4 
1056 37 4 ,1057 38 4 
1677 37 4 ,1678 38 4 
1678 38 4 ,1679 39 4 
659 146 4 ,660 147 4 
1679 146 4 ,1680 147 4 
50 40 4 ,51 41 4 
961 40 4 ,962 41 4 
290 108 4 ,291 109 4 
1415 109 4 ,1416 110 4 
1416 110 4 ,1417 111 4 
1649 109 4 ,1650 110 4 
174 45 4 ,175 46 4 
237 45 4 ,238 46 4 
334 103 4 ,335 104 4 
606 45 4 ,607 46 4 
895 45 4 ,896 46 4 
175 47 4 ,176 48 4 
256 47 4 ,257 48 4 
698 47 4 ,699 48 4 
784 46 4 ,785 47 4 
998 46 4 ,999 47 4 
999 46 4 ,1000 47 4 
1000 47 4 ,1001 48 4 
1019 46 4 ,1020 47 4 
1020 47 4 ,1021 48 4 
964 142 4 ,965 143 4 
965 143 4 ,966 144 4 
1306 48 4 ,1307 49 4 
356 49 4 ,357 50 4 
836 78 4 ,837 79 4 
882 49 4 ,883 50 4 
883 50 4 ,884 51 4 
884 51 4 ,885 52 4 
988 49 4 ,989 50 4 
628 103 4 ,629 104 4 
883 104 4 ,884 105 4 
8 51 4 ,9 52 4 
9 52 4 ,15 58 4 
15 58 4 ,16 59 4 
16 59 4 ,17 60 4 
1007 51 4 ,1008 52 4 
1699 52 4 ,1700 53 4 
1700 53 4 ,1708 61 4 
1708 61 4 ,1709 62 4 
1709 62 4 ,1710 63 4 
1710 63 4 ,1711 64 4 
1711 64 4 ,1712 65 4 
1702 52 4 ,1703 53 4 
1703 53 4 ,1704 54 4 
1704 54 4 ,1705 55 4 
221 55 4 ,222 56 4 
222 56 4 ,223 57 4 
1161 56 4 ,1162 57 4 
1162 57 4 ,1163 58 4 
1 57 4 ,2 58 4 
2 58 4 ,3 59 4 
54 57 4 ,55 58 4 
810 57 4 ,811 58 4 
854 57 4 ,855 58 4 
400 138 4 ,401 139 4 
74 59 4 ,75 60 4 
304 59 4 ,305 60 4 
518 59 4 ,519 60 4 
1466 59 4 ,1467 60 4 
85 140 4 ,86 141 4 
17 120 4 ,26 129 4 
75 120 4 ,76 121 4 
305 120 4 ,306 121 4 
1225 88 4 ,1226 89 4 
1662 60 4 ,1672 70 4 
1686 60 4 ,1693 67 4 
1693 67 4 ,1694 68 4 
194 62 4 ,195 63 4 
584 62 4 ,585 63 4 
1248 62 4 ,1249 63 4 
470 63 4 ,471 64 4 
471 64 4 ,472 65 4 
96 68 4 ,97 69 4 
97 69 4 ,107 79 4 
654 68 4 ,655 69 4 
770 68 4 ,771 69 4 
565 87 4 ,566 88 4 
581 87 4 ,582 88 4 
771 88 4 ,772 89 4 
1333 69 4 ,1334 70 4 
1331 86 4 ,1332 87 4 
1332 87 4 ,1333 88 4 
703 70 4 ,708 75 4 
627 132 4 ,628 133 4 
597 74 4 ,598 75 4 
1275 74 4 ,1276 75 4 
1328 74 4 ,1329 75 4 
704 75 4 ,714 85 4 
78 139 4 ,79 140 4 
79 140 4 ,80 141 4 
401 83 4 ,402 84 4 
402 84 4 ,403 85 4 
403 85 4 ,404 86 4 
447 138 4 ,448 139 4 
820 139 4 ,821 140 4 
821 140 4 ,822 141 4 
402 135 4 ,403 136 4 
421 134 4 ,422 135 4 
467 85 4 ,468 86 4 
713 142 4 ,714 143 4 
965 136 4 ,966 137 4 
1384 141 4 ,1385 142 4 
1385 142 4 ,1386 143 4 
1393 142 4 ,1394 143 4 
980 94 4 ,981 95 4 
1062 95 4 ,1063 96 4 
1079 132 4 ,1080 133 4 
148 125 4 ,149 126 4 
117 127 4 ,118 128 4 
839 128 4 ,840 129 4 
840 129 4 ,841 130 4 
37 129 4 ,38 130 4 
215 129 4 ,216 130 4 
